1651 9 426c 0 c8 a
152
184
215
255
303
360
423
491
569
651
731
827
925
1025
1129
1239
1355
1470
1588
1711
1827
1951
2071
2201
2319
2443
2567
2679
2791
2912
3023
3123
3225
3331
3424
3503
3579
3672
3740
3807
3864
3920
3952
3983
4024
4033
4047
4056
4051
4047
4019
3996
3971
3919
3888
3815
3772
3695
3630
3548
3457
3363
3267
3172
3055
2958
2840
2733
2614
2494
2369
2245
2115
1998
1879
1760
1636
1513
1400
1284
1174
1063
966
864
771
683
597
521
453
386
328
276
233
195
167
145
127
125
124
134
150
172
209
245
294
346
408
474
552
629
712
803
900
1002
1105
1214
1327
1443
1555
1675
1795
1921
2048
2170
2290
2407
2538
2647
2774
2883
2992
3103
3199
3308
3399
3488
3576
3647
3728
3790
3848
3896
3948
3983
4015
4035
4049
4056
4047
4052
4031
4008
3975
3944
3898
3846
3783
3713
3635
3568
3483
3391
3292
3187
3094
2983
2872
2752
2639
2519
2399
2271
2152
2033
1908
1782
1664
1545
1424
1311
1200
1095
990
887
794
703
617
531
469
399
340
286
242
205
173
151
134
127
126
15
