1651 9 426c 0 c8 a
2895
2788
2672
2554
2435
2305
2190
2070
1944
1823
1696
1579
1459
1344
1236
1123
1011
907
817
722
638
554
479
410
343
288
237
194
162
130
113
99
91
96
110
123
149
184
223
267
322
384
452
523
608
697
775
877
978
1077
1191
1304
1417
1532
1655
1775
1897
2024
2148
2264
2383
2503
2623
2735
2860
2978
3065
3176
3280
3359
3458
3535
3615
3679
3747
3807
3856
3900
3935
3969
3983
4003
4003
4020
4001
3983
3955
3923
3896
3843
3779
3729
3664
3596
3503
3423
3336
3235
3144
3039
2927
2809
2702
2579
2464
2339
2215
2095
1975
1852
1734
1613
1492
1375
1263
1154
1049
944
839
752
661
574
502
423
362
304
252
208
170
137
117
106
96
91
101
118
139
172
213
257
308
362
436
508
583
667
755
856
952
1056
1164
1275
1384
1503
1619
1747
1868
1985
2111
2235
2351
2476
2592
2714
2823
2936
3048
3152
3248
3342
3423
3523
3599
3665
3729
3800
3847
3896
3919
3951
3988
4004
4012
4015
3999
3987
3966
3936
3907
3857
3808
3752
3679
3607
3536
3443
3367
3272
3169
0
